●遊戯王の盲点検定

よく使われるﾓﾝｽﾀｰの守備力､分かりますか？


[第1問] 霊滅術師 カイクウ

(1) 700

(2) 800

(3) 900

(4) 1000


[第2問] ﾗｲｵｳ

(1) 600

(2) 800

(3) 900

(4) 1000


[第3問] ジャンク・シンクロン

(1) 200

(2) 300

(3) 400

(4) 500


[第4問] ﾌﾞﾗｯｸ･ﾛｰｽﾞ･ﾄﾞﾗｺﾞﾝ

(1) 1600

(2) 1800

(3) 2000

(4) 2200


[第5問] 氷結界の龍 ﾌﾞﾘｭｰﾅｸ

(1) 1200

(2) 1300

(3) 1400

(4) 1600


[第6問] ナチュル・ビースト

(1) 1300

(2) 1500

(3) 1700

(4) 1900


[第7問] メンタルスフィア・デーモン

(1) 2200

(2) 2300

(3) 2400

(4) 2500


[第8問] Ａ・ジェネクス・バードマン

(1) 400

(2) 500

(3) 600

(4) 700


[第9問] ｼﾞｪﾈｸｽ･ｳﾝﾃﾞｨｰﾈ

(1) 300

(2) 400

(3) 600

(4) 800


[第10問] ＢＦ―精鋭のゼピュロス

(1) 500

(2) 1000

(3) 1500

(4) 1600

